4
11101
111111
4
11102
111111
4
11103
111111
4
11104
111111
4
11105
111111
4
22201
111111
4
22202
111111
4
22203
111111
4
22204
111111
4
11101
111111
4
11102
111111
4
11103
111111
4
11104
111111
4
11105
111111
4
22201
111111
4
22202
111111
4
22203
111111
4
22204
111111
4
11101
111111
4
11102
111111
4
11101
111111
4
11102
111111
4
11104
111111
3
11101
111111
3
11102
111111
3
11103
111111
3
11104
111111
3
11105
111111
4
22201
111111
4
22202
111111
4
22203
111111
4
22204
111111
4
11101
111111
4
11102
111111
4
11103
111111
4
11104
111111
4
11105
111111
4
22201
111111
4
22202
111111
4
22203
111111
4
22204
111111
3
11101
111111
3
11102
111111
3
11103
111111
3
11104
111111
3
11105
111111
3
11101
111111
4
22204
111111
3
11101
111111
3
11102
111111
3
11103
111111
3
11104
111111
3
11105
111111
4
22201
111111
4
22202
111111
4
22203
111111
4
22204
111111
3
11101
111111
3
11102
111111
3
11103
111111
3
11104
111111
3
11105
111111
4
22201
111111
4
22202
111111
4
22203
111111
4
22204
111111
3
11101
111111
3
11102
111111
3
11103
111111
3
11104
111111
3
11105
111111
4
22201
111111
4
22202
111111
4
22203
111111
4
22204
111111
